 #EXTRAS(polarizability)# Step:           0  Bead:      0  
   626.48636187          -1.80504688           1.63006784          -1.80504688         639.97760666           0.11339457           1.63006784           0.11339457         617.05247703
 #EXTRAS(polarizability)# Step:           4  Bead:      0  
   622.40385337          -2.75021686           0.37994025          -2.75021686         633.18927379           0.23926485           0.37994025           0.23926485         613.39435574
 #EXTRAS(polarizability)# Step:           8  Bead:      0  
   618.88524046          -4.40920433          -0.25714975          -4.40920433         629.19479044           1.64027762          -0.25714975           1.64027762         611.48194349
 #EXTRAS(polarizability)# Step:          12  Bead:      0  
   622.02605938          -4.27277521           0.27301715          -4.27277521         633.66680033           1.66679104           0.27301715           1.66679104         614.43696384
 #EXTRAS(polarizability)# Step:          16  Bead:      0  
   628.03941134          -2.61610993           0.73796489          -2.61610993         640.07437619           0.17697436           0.73796489           0.17697436         618.38172067
 #EXTRAS(polarizability)# Step:          20  Bead:      0  
   627.94272018          -1.90144308           0.44997066          -1.90144308         638.88679865          -0.31726859           0.44997066          -0.31726859         617.30166204
 #EXTRAS(polarizability)# Step:          24  Bead:      0  
   622.05796317          -2.79547570           0.28605421          -2.79547570         631.62650206           1.13558556           0.28605421           1.13558556         612.55204865
 #EXTRAS(polarizability)# Step:          28  Bead:      0  
   619.33856829          -3.52310753           0.92231944          -3.52310753         629.02344658           2.49458323           0.92231944           2.49458323         611.02690525
 #EXTRAS(polarizability)# Step:          32  Bead:      0  
   624.34822109          -2.75000204           1.56482134          -2.75000204         634.93236615           2.00742666           1.56482134           2.00742666         615.51816830
 #EXTRAS(polarizability)# Step:          36  Bead:      0  
   629.91336847          -1.58474780           1.04377105          -1.58474780         640.02736924           0.49109859           1.04377105           0.49109859         619.66039492
 #EXTRAS(polarizability)# Step:          40  Bead:      0  
   628.40059446          -1.63267485           0.06391670          -1.63267485         635.66177731           0.03572924           0.06391670           0.03572924         617.23219387
 #EXTRAS(polarizability)# Step:          44  Bead:      0  
   623.12754054          -2.49191045           0.00465330          -2.49191045         627.28552184           0.93613466           0.00465330           0.93613466         612.31573143
 #EXTRAS(polarizability)# Step:          48  Bead:      0  
   622.32621878          -2.59864937           0.86900288          -2.59864937         626.05431632           1.57815725           0.86900288           1.57815725         612.75050243
 #EXTRAS(polarizability)# Step:          52  Bead:      0  
   627.71452614          -1.59235324           1.18466089          -1.59235324         632.15447213           0.94007113           1.18466089           0.94007113         618.30617270
 #EXTRAS(polarizability)# Step:          56  Bead:      0  
   631.88981030          -0.62877601           0.59426351          -0.62877601         635.07047506          -0.12924658           0.59426351          -0.12924658         620.55160659
 #EXTRAS(polarizability)# Step:          60  Bead:      0  
   629.46804245          -0.43948558           0.37837287          -0.43948558         629.77941013          -0.02290780           0.37837287          -0.02290780         615.73637084
 #EXTRAS(polarizability)# Step:          64  Bead:      0  
   624.58308323          -1.31903096           1.02228907          -1.31903096         624.11677242           1.69099938           1.02228907           1.69099938         611.25547977
 #EXTRAS(polarizability)# Step:          68  Bead:      0  
   624.34764966          -2.34969768           1.94298091          -2.34969768         625.63826581           3.08543868           1.94298091           3.08543868         613.85164344
 #EXTRAS(polarizability)# Step:          72  Bead:      0  
   629.04071837          -1.83386563           2.20397423          -1.83386563         631.10642450           2.13778033           2.20397423           2.13778033         619.45801992
 #EXTRAS(polarizability)# Step:          76  Bead:      0  
   631.66430661          -0.36022133           1.68632161          -0.36022133         631.73226972           0.32260982           1.68632161           0.32260982         619.60407393
 #EXTRAS(polarizability)# Step:          80  Bead:      0  
   629.00828994          -0.14777415           1.13437879          -0.14777415         626.66992589           0.87099246           1.13437879           0.87099246         615.07134449
 #EXTRAS(polarizability)# Step:          84  Bead:      0  
   625.17917137          -1.86255626           1.22604847          -1.86255626         623.98415004           3.47690612           1.22604847           3.47690612         614.03293621
 #EXTRAS(polarizability)# Step:          88  Bead:      0  
   625.20322223          -2.64847940           1.67245314          -2.64847940         627.59730655           4.28360384           1.67245314           4.28360384         618.38682025
 #EXTRAS(polarizability)# Step:          92  Bead:      0  
   628.29428962          -0.89580155           1.54000565          -0.89580155         631.24855573           1.99691960           1.54000565           1.99691960         621.80496471
 #EXTRAS(polarizability)# Step:          96  Bead:      0  
   628.93921974           0.79488102           0.97775517           0.79488102         629.13322872           0.31897276           0.97775517           0.31897276         619.94128606
 #EXTRAS(polarizability)# Step:         100  Bead:      0  
   625.54000604          -0.30902905           1.08117658          -0.30902905         625.38766790           2.27744671           1.08117658           2.27744671         616.67256588
 #EXTRAS(polarizability)# Step:           0  Bead:      0  
   627.94271968          -1.90144303           0.44997143          -1.90144303         638.88680155          -0.31726763           0.44997143          -0.31726763         617.30166314
 #EXTRAS(polarizability)# Step:           4  Bead:      0  
   622.01716342          -2.78119047           0.27760740          -2.78119047         631.55101023           1.13818574           0.27760740           1.13818574         612.51236454
 #EXTRAS(polarizability)# Step:           8  Bead:      0  
   619.32022125          -3.51592726           0.91866088          -3.51592726         628.99496542           2.49387507           0.91866088           2.49387507         611.00567068
 #EXTRAS(polarizability)# Step:          12  Bead:      0  
   624.38786358          -2.75683034           1.57263912          -2.75683034         634.99864089           2.00959538           1.57263912           2.00959538         615.54436310
 #EXTRAS(polarizability)# Step:          16  Bead:      0  
   629.96410996          -1.58737162           1.05190126          -1.58737162         640.09261175           0.49837682           1.05190126           0.49837682         619.69021806
 #EXTRAS(polarizability)# Step:          20  Bead:      0  
   628.39336180          -1.61907019           0.06308803          -1.61907019         635.62731736           0.04084042           0.06308803           0.04084042         617.21223310
 #EXTRAS(polarizability)# Step:           0  Bead:      0  
   627.94271968          -1.90144303           0.44997143          -1.90144303         638.88680155          -0.31726763           0.44997143          -0.31726763         617.30166314
 #EXTRAS(polarizability)# Step:           4  Bead:      0  
   622.09911113          -2.80976045           0.29451360          -2.80976045         631.70238313           1.13296387           0.29451360           1.13296387         612.59195891
 #EXTRAS(polarizability)# Step:           8  Bead:      0  
   619.35796681          -3.53029453           0.92599059          -3.53029453         629.05306950           2.49527057           0.92599059           2.49527057         611.04897812
 #EXTRAS(polarizability)# Step:          12  Bead:      0  
   624.30931266          -2.74316977           1.55701457          -2.74316977         634.86687904           2.00528588           1.55701457           2.00528588         615.49267894
 #EXTRAS(polarizability)# Step:          16  Bead:      0  
   629.86252914          -1.58212053           1.03565214          -1.58212053         639.96200801           0.48385877           1.03565214           0.48385877         619.63059009
 #EXTRAS(polarizability)# Step:          20  Bead:      0  
   628.40765194          -1.64627197           0.06480410          -1.64627197         635.69606272           0.03064714           0.06480410           0.03064714         617.25187875
 #EXTRAS(polarizability)# Step:           0  Bead:      0  
   628.40059342          -1.63267556           0.06391671          -1.63267556         635.66177658           0.03572922           0.06391671           0.03572922         617.23219144
 #EXTRAS(polarizability)# Step:           4  Bead:      0  
   623.08013410          -2.47863766          -0.00212314          -2.47863766         627.21109147           0.93709469          -0.00212314           0.93709469         612.27907235
 #EXTRAS(polarizability)# Step:           8  Bead:      0  
   622.29996808          -2.59304660           0.86690177          -2.59304660         626.02524399           1.57996987           0.86690177           1.57996987         612.73217250
 #EXTRAS(polarizability)# Step:          12  Bead:      0  
   627.74853117          -1.60082660           1.19432414          -1.60082660         632.22190719           0.94713206           1.19432414           0.94713206         618.33198235
 #EXTRAS(polarizability)# Step:          16  Bead:      0  
   631.93384644          -0.63420024           0.60559593          -0.63420024         635.13753932          -0.11733715           0.60559593          -0.11733715         620.57749474
 #EXTRAS(polarizability)# Step:          20  Bead:      0  
   629.45650445          -0.42713562           0.38177780          -0.42713562         629.75024444          -0.01544064           0.38177780          -0.01544064         615.71194507
 #EXTRAS(polarizability)# Step:           0  Bead:      0  
   628.40059342          -1.63267556           0.06391671          -1.63267556         635.66177658           0.03572922           0.06391671           0.03572922         617.23219144
 #EXTRAS(polarizability)# Step:           4  Bead:      0  
   623.17529023          -2.50518851           0.01143424          -2.50518851         627.36034319           0.93515169           0.01143424           0.93515169         612.35261612
 #EXTRAS(polarizability)# Step:           8  Bead:      0  
   622.35350488          -2.60426099           0.87110662          -2.60426099         626.08450409           1.57632484           0.87110662           1.57632484         612.76966845
 #EXTRAS(polarizability)# Step:          12  Bead:      0  
   627.68124698          -1.58387506           1.17499817          -1.58387506         632.08777086           0.93304208           1.17499817           0.93304208         618.28107397
 #EXTRAS(polarizability)# Step:          16  Bead:      0  
   631.84567038          -0.62335645           0.58294280          -0.62335645         635.00325329          -0.14109588           0.58294280          -0.14109588         620.52576689
 #EXTRAS(polarizability)# Step:          20  Bead:      0  
   629.47932377          -0.45186992           0.37500979          -0.45186992         629.80832708          -0.03034980           0.37500979          -0.03034980         615.76053732
 #EXTRAS(polarizability)# Step:           0  Bead:      0  
   629.46804084          -0.43948759           0.37837269          -0.43948759         629.77940829          -0.02290836           0.37837269          -0.02290836         615.73636913
 #EXTRAS(polarizability)# Step:           4  Bead:      0  
   624.53023572          -1.30522354           1.01354623          -1.30522354         624.04245523           1.69356054           1.01354623           1.69356054         611.21277652
 #EXTRAS(polarizability)# Step:           8  Bead:      0  
   624.31414462          -2.34520411           1.93765520          -2.34520411         625.60876425           3.08928443           1.93765520           3.08928443         613.82540537
 #EXTRAS(polarizability)# Step:          12  Bead:      0  
   629.07200113          -1.84267310           2.21031166          -1.84267310         631.17888459           2.14864015           2.21031166           2.14864015         619.48470935
 #EXTRAS(polarizability)# Step:          16  Bead:      0  
   631.70913257          -0.36358782           1.69948377          -0.36358782         631.80823248           0.33553076           1.69948377           0.33553076         619.63267935
 #EXTRAS(polarizability)# Step:          20  Bead:      0  
   628.99831911          -0.13679359           1.14345741          -0.13679359         626.64754927           0.87520827           1.14345741           0.87520827         615.04262754
 #EXTRAS(polarizability)# Step:           0  Bead:      0  
   629.46804084          -0.43948759           0.37837269          -0.43948759         629.77940829          -0.02290836           0.37837269          -0.02290836         615.73636913
 #EXTRAS(polarizability)# Step:           4  Bead:      0  
   624.63630271          -1.33284214           1.03103780          -1.33284214         624.19146997           1.68842292           1.03103780           1.68842292         611.29843818
 #EXTRAS(polarizability)# Step:           8  Bead:      0  
   624.38228537          -2.35419251           1.94830401          -2.35419251         625.66889544           3.08159035           1.94830401           3.08159035         613.87878797
 #EXTRAS(polarizability)# Step:          12  Bead:      0  
   629.01025797          -1.82506780           2.19762974          -1.82506780         631.03477712           2.12697510           2.19762974           2.12697510         619.43205645
 #EXTRAS(polarizability)# Step:          16  Bead:      0  
   631.61934686          -0.35687292           1.67315395          -0.35687292         631.65616673           0.30978668           1.67315395           0.30978668         619.57543680
 #EXTRAS(polarizability)# Step:          20  Bead:      0  
   629.01787599          -0.15868894           1.12533808          -0.15868894         626.69158042           0.86663702           1.12533808           0.86663702         615.09959718
 #EXTRAS(polarizability)# Step:           0  Bead:      0  
   629.00829130          -0.14777447           1.13437965          -0.14777447         626.66992600           0.87099279           1.13437965           0.87099279         615.07134444
 #EXTRAS(polarizability)# Step:           4  Bead:      0  
   625.12376005          -1.85526332           1.21966553          -1.85526332         623.90458034           3.47730106           1.21966553           3.47730106         613.98438147
 #EXTRAS(polarizability)# Step:           8  Bead:      0  
   625.17110277          -2.64509021           1.67006383          -2.64509021         627.56712685           4.28644586           1.67006383           4.28644586         618.35763831
 #EXTRAS(polarizability)# Step:          12  Bead:      0  
   628.33498061          -0.89853075           1.55122639          -0.89853075         631.32945825           2.00555815           1.55122639           2.00555815         621.83212444
 #EXTRAS(polarizability)# Step:          16  Bead:      0  
   628.99125339           0.79325830           0.99581291           0.79325830         629.21615329           0.32858208           0.99581291           0.32858208         619.97034618
 #EXTRAS(polarizability)# Step:          20  Bead:      0  
   625.52530199          -0.30383695           1.08868865          -0.30383695         625.36567812           2.27937770           1.08868865           2.27937770         616.64744096
 #EXTRAS(polarizability)# Step:           0  Bead:      0  
   629.00829130          -0.14777447           1.13437965          -0.14777447         626.66992600           0.87099279           1.13437965           0.87099279         615.07134444
 #EXTRAS(polarizability)# Step:           4  Bead:      0  
   625.23495829          -1.86984362           1.23243671          -1.86984362         624.06409380           3.47650249           1.23243671           3.47650249         614.08173762
 #EXTRAS(polarizability)# Step:           8  Bead:      0  
   625.23638845          -2.65184903           1.67483917          -2.65184903         627.62855220           4.28076022           1.67483917           4.28076022         618.41684340
 #EXTRAS(polarizability)# Step:          12  Bead:      0  
   628.25427697          -0.89305767           1.52878969          -0.89305767         631.16840442           1.98832419           1.52878969           1.98832419         621.77849266
 #EXTRAS(polarizability)# Step:          16  Bead:      0  
   628.88698299           0.79649641           0.95969831           0.79649641         629.05014015           0.30944249           0.95969831           0.30944249         619.91222484
 #EXTRAS(polarizability)# Step:          20  Bead:      0  
   625.55441118          -0.31421725           1.07370123          -0.31421725         625.40932425           2.27554408           1.07370123           2.27554408         616.69734407
 #EXTRAS(polarizability)# Step:           0  Bead:      0  
   625.54000771          -0.30902878           1.08117868          -0.30902878         625.38766962           2.27744753           1.08117868           2.27744753         616.67257058
 #EXTRAS(polarizability)# Step:           4  Bead:      0  
   622.58651211          -2.60160445           2.21145816          -2.60160445         626.40630131           5.22918078           2.21145816           5.22918078         617.05635769
 #EXTRAS(polarizability)# Step:           8  Bead:      0  
   623.76329335          -2.06855504           2.87673426          -2.06855504         630.81353160           4.73176945           2.87673426           4.73176945         620.13387672
 #EXTRAS(polarizability)# Step:          12  Bead:      0  
   625.78157314           0.56226719           1.98627426           0.56226719         632.25327665           1.91559146           1.98627426           1.91559146         621.01767018
 #EXTRAS(polarizability)# Step:          16  Bead:      0  
   624.98234339           1.17877920           1.03889787           1.17877920         629.61394151           1.39682285           1.03889787           1.39682285         618.89556384
 #EXTRAS(polarizability)# Step:          20  Bead:      0  
   622.96523530          -1.02455510           1.78729913          -1.02455510         627.64100107           3.59397507           1.78729913           3.59397507         617.56832470
 #EXTRAS(polarizability)# Step:           0  Bead:      0  
   625.54000771          -0.30902878           1.08117868          -0.30902878         625.38766962           2.27744753           1.08117868           2.27744753         616.67257058
 #EXTRAS(polarizability)# Step:           4  Bead:      0  
   622.69916350          -2.60714325           2.22582945          -2.60714325         626.57065699           5.24015335           2.22582945           5.24015335         617.16504981
 #EXTRAS(polarizability)# Step:           8  Bead:      0  
   623.82286520          -2.06894491           2.88019521          -2.06894491         630.87813728           4.73021541           2.88019521           4.73021541         620.19972787
 #EXTRAS(polarizability)# Step:          12  Bead:      0  
   625.68730532           0.56738801           1.95815350           0.56738801         632.08998564           1.89372352           1.95815350           1.89372352         620.95206866
 #EXTRAS(polarizability)# Step:          16  Bead:      0  
   624.86308671           1.17576838           0.99561005           1.17576838         629.43626617           1.38081974           0.99561005           1.38081974         618.81374139
 #EXTRAS(polarizability)# Step:          20  Bead:      0  
   622.98585434          -1.04441306           1.76811687          -1.04441306         627.67551894           3.59544853           1.76811687           3.59544853         617.60244080
